0.8225 -0.363333 0
0.82249 -0.382375 0
0.822417 -0.402763 0
0.822219 -0.424147 0
0.821833 -0.446173 0
0.821198 -0.46849 0
0.82025 -0.490743 0
0.818927 -0.512582 0
0.817167 -0.533653 0
0.814906 -0.553605 0
0.812083 -0.572083 0
0.808624 -0.588825 0
0.80441 -0.603917 0
0.799311 -0.617533 0
0.793197 -0.62985 0
0.785938 -0.641042 0
0.777403 -0.651283 0
0.767464 -0.66075 0
0.75599 -0.669617 0
0.742851 -0.678058 0
0.727917 -0.68625 0
0.711133 -0.694323 0
0.692743 -0.70223 0
0.673069 -0.709882 0
0.65243 -0.71719 0
0.631146 -0.724063 0
0.609537 -0.73041 0
0.587922 -0.736142 0
0.566623 -0.74117 0
0.545959 -0.745403 0
0.52625 -0.74875 0
0.50775 -0.751137 0
0.49045 -0.752547 0
0.474275 -0.752976 0
0.45915 -0.752423 0
0.445 -0.750885 0
0.43175 -0.74836 0
0.419325 -0.744845 0
0.40765 -0.740337 0
0.39665 -0.734834 0
0.38625 -0.728333 0
0.376392 -0.720839 0
0.367083 -0.71238 0
0.35835 -0.702991 0
0.350217 -0.692707 0
0.342708 -0.681562 0
0.33585 -0.669593 0
0.329667 -0.656834 0
0.324183 -0.64332 0
0.319425 -0.629086 0
0.315417 -0.614167 0
0.312163 -0.598613 0
0.309583 -0.582537 0
0.307579 -0.566065 0
0.30605 -0.549327 0
0.304896 -0.532448 0
0.304017 -0.515557 0
0.303313 -0.49878 0
0.302683 -0.482247 0
0.302029 -0.466083 0
0.30125 -0.450417 0
0.30027 -0.435345 0
0.299107 -0.420847 0
0.297804 -0.406868 0
0.296403 -0.393357 0
0.294948 -0.38026 0
0.29348 -0.367527 0
0.292042 -0.355103 0
0.290677 -0.342937 0
0.289426 -0.330975 0
0.288333 -0.319167 0
0.287457 -0.307476 0
0.28692 -0.29594 0
0.286863 -0.284614 0
0.287427 -0.273553 0
0.28875 -0.262813 0
0.290973 -0.252447 0
0.294237 -0.242511 0
0.29868 -0.23306 0
0.304443 -0.224149 0
0.311667 -0.215833 0
0.320443 -0.208156 0
0.33068 -0.201117 0
0.342237 -0.194702 0
0.354973 -0.1889 0
0.36875 -0.183698 0
0.383427 -0.179083 0
0.398863 -0.175044 0
0.41492 -0.171567 0
0.431457 -0.16864 0
0.448333 -0.16625 0
0.465417 -0.164384 0
0.482603 -0.16302 0
0.499795 -0.162136 0
0.516893 -0.16171 0
0.533802 -0.161719 0
0.550423 -0.16214 0
0.56666 -0.162951 0
0.582413 -0.16413 0
0.597587 -0.165654 0
0.612083 -0.1675 0
0.625832 -0.169646 0
0.638877 -0.172067 0
0.651286 -0.174737 0
0.66313 -0.177633 0
0.674479 -0.180729 0
0.685403 -0.184 0
0.695973 -0.187421 0
0.706257 -0.190967 0
0.716326 -0.194613 0
0.72625 -0.198333 0
0.736073 -0.202117 0
0.745733 -0.206003 0
0.755144 -0.210045 0
0.764217 -0.214293 0
0.772865 -0.218802 0
0.781 -0.223623 0
0.788535 -0.22881 0
0.795383 -0.234413 0
0.801456 -0.240487 0
0.806667 -0.247083 0
0.810957 -0.254265 0
0.814393 -0.262133 0
0.817069 -0.270802 0
0.81908 -0.280383 0
0.820521 -0.29099 0
0.821487 -0.302733 0
0.822072 -0.315727 0
0.822373 -0.330083 0
0.822484 -0.345915 0
0.8225 -0.363333 0
0.82249 -0.382375 0
0.822417 -0.402763 0
0.822219 -0.424147 0
0.821833 -0.446173 0
0.821198 -0.46849 0
0.82025 -0.490743 0
0.818927 -0.512582 0
0.817167 -0.533653 0
0.814906 -0.553605 0
